69 87 79 82 65 80 80 76 73 67 65 84 73 79 78 83
65 82 69
79 80 69 78
85 78 84 73 76 58 48 48 68 97 121 115 48 48 72 111 117 114 115 48 48 77 105 110 117 116 101 115 48 48 83 101 99 111 110 100 115 70 101 108 108 111 119 115 104 105 112 115 73 100 101 97 116 105 111 110
70 101 108 108 111 119 115 104 105 112 84 104 101
69 87 79 82
73 100 101 97 116 105 111 110
70 101 108 108 111 119 115 104 105 112
105 115
100 101 115 105 103 110 101 100
116 111
104 101 108 112
121 111 117
99 111 110 99 101 112 116 117 97 108 105 115 101
97 110 100
108 97 117 110 99 104
97 110
105 109 112 97 99 116 102 117 108
118 101 110 116 117 114 101 46 76 101 97 114 110
109 111 114 101 84 114 97 99 116 105 111 110
70 101 108 108 111 119 115 104 105 112 87 101
103 101 116
121 111 117
102 114 111 109
97
118 97 108 105 100 97 116 101 100
105 100 101 97
119 105 116 104
116 114 97 99 116 105 111 110
116 111
97
109 117 108 116 105 45 109 105 108 108 105 111 110
69 117 114 111 115
102 117 110 100 105 110 103
114 111 117 110 100 46 76 101 97 114 110
109 111 114 101 70 111 117 110 100 101 114
82 101 115 111 117 114 99 101 115 84 101 97 109 82 101 102 101 114
97
70 101 108 108 111 119 70 101 108 108 111 119
76 111 103 105 110 65 112 112 108 121 78 69 87 67 104 101 99 107
111 117 116
111 117 114
67 111 45 70 111 117 110 100 101 114
65 103 114 101 101 109 101 110 116 87 101
104 101 108 112
114 101 98 101 108 115 44
110 101 114 100 115 44
97 110 100
118 105 115 105 111 110 97 114 105 101 115
100 111
116 104 101 105 114
116 104 105 110 103 87 101
115 117 112 112 111 114 116
102 111 117 110 100 101 114 115
105 110
99 114 101 97 116 105 110 103
226 130 172 49 66 43
99 111 109 112 97 110 105 101 115
119 105 116 104
97
103 108 111 98 97 108
105 109 112 97 99 116 65 112 112 108 121
102 111 114
97
70 101 108 108 111 119 115 104 105 112 82 101 99 101 105 118 101
97
114 101 109 105 110 100 101 114
102 111 114
116 104 101
97 112 112 108 105 99 97 116 105 111 110
100 101 97 100 108 105 110 101 86 97 108 101 114 105 101
66 117 114 101 115 83 101 114 105 97 108
69 110 116 114 101 112 114 101 110 101 117 114 65 110 103 101 108
73 110 118 101 115 116 111 114 65 108 101 120 97 110 100 101 114
71 114 111 116 115 80 114 111 71 108 111 118 101
70 111 117 110 100 101 114
40 226 130 172 53 48 48 77
69 120 105 116 41 73 110 118 101 110 116 111 114
111 102
68 101 115 105 103 110
84 104 105 110 107 105 110 103 70 97 98 114 105 99 101
71 114 105 110 100 97 85 110 105 99 111 114 110
70 111 117 110 100 101 114 70 111 114 98 101 115
35 49
97 110 103 101 108
105 110
116 104 101
119 111 114 108 100 77 97 120
79 115 98 111 114 110 101 65 119 97 114 100 45 119 105 110 110 105 110 103
109 97 114 107 101 116 101 101 114
38
109 97 116 104 101 109 97 116 105 99 105 97 110 83 110 111 119 98 111 97 114 100
99 104 97 109 112 105 111 110 69 114 105 99
83 116 101 105 110 98 101 114 103 101 114 85 110 105 99 111 114 110
70 111 117 110 100 101 114 69 87 79 82
70 111 117 110 100 101 114 115
115 105 103 110 101 100
102 105 114 115 116
99 104 101 113 117 101 80 97 117 108
72 46
77 195 188 108 108 101 114 83 111 108 100
65 100 106 117 115 116
102 111 114
226 130 172 49 46 50 66 65 110 103 101 108
73 110 118 101 115 116 111 114 86 97 105 116 101 97
67 111 119 97 110 69 110 97 112 116 101 114
70 111 117 110 100 101 114
40 226 130 172 54 48 48 77
73 80 79 41 69 97 114 116 104 115 104 111 116
80 114 105 122 101
87 105 110 110 101 114 68 97 118 105 100
82 111 119 97 110 70 111 117 110 100 105 110 103
69 100 105 116 111 114 45 105 110 45 67 104 105 101 102
97 116
87 73 82 69 68
85 75 73 110 118 101 115 116 111 114
105 110
111 118 101 114
49 48
117 110 105 99 111 114 110 115 75 101 118 105 110
72 97 114 116 122 85 110 105 99 111 114 110
70 111 117 110 100 101 114 73 110 118 101 115 116 111 114
105 110
111 118 101 114
49 53
117 110 105 99 111 114 110 115 70 101 108 105 120
72 97 97 115 66 105 116 115
38
80 114 101 116 122 101 108 115
70 111 117 110 100 101 114 71 80
97 116
49 48 88
70 111 117 110 100 101 114 115 80 97 116 114 105 99 107
78 97 116 104 101 110 82 97 105 115 101 100
226 130 172 49 46 49 66
102 111 114
76 105 108 105 117 109 65 110 103 101 108
73 110 118 101 115 116 111 114 86 97 108 101 114 105 101
66 117 114 101 115 83 101 114 105 97 108
69 110 116 114 101 112 114 101 110 101 117 114 65 110 103 101 108
73 110 118 101 115 116 111 114 65 108 101 120 97 110 100 101 114
71 114 111 116 115 80 114 111 71 108 111 118 101
70 111 117 110 100 101 114
40 226 130 172 53 48 48 77
69 120 105 116 41 73 110 118 101 110 116 111 114
111 102
68 101 115 105 103 110
84 104 105 110 107 105 110 103 70 97 98 114 105 99 101
71 114 105 110 100 97 85 110 105 99 111 114 110
70 111 117 110 100 101 114 70 111 114 98 101 115
35 49
97 110 103 101 108
105 110
116 104 101
119 111 114 108 100 77 97 120
79 115 98 111 114 110 101 65 119 97 114 100 45 119 105 110 110 105 110 103
109 97 114 107 101 116 101 101 114
38
109 97 116 104 101 109 97 116 105 99 105 97 110 83 110 111 119 98 111 97 114 100
99 104 97 109 112 105 111 110 69 114 105 99
83 116 101 105 110 98 101 114 103 101 114 85 110 105 99 111 114 110
70 111 117 110 100 101 114 69 87 79 82
70 111 117 110 100 101 114 115
115 105 103 110 101 100
102 105 114 115 116
99 104 101 113 117 101 80 97 117 108
72 46
77 195 188 108 108 101 114 83 111 108 100
65 100 106 117 115 116
102 111 114
226 130 172 49 46 50 66 65 110 103 101 108
73 110 118 101 115 116 111 114 86 97 105 116 101 97
67 111 119 97 110 69 110 97 112 116 101 114
70 111 117 110 100 101 114
40 226 130 172 54 48 48 77
73 80 79 41 69 97 114 116 104 115 104 111 116
80 114 105 122 101
87 105 110 110 101 114 68 97 118 105 100
82 111 119 97 110 70 111 117 110 100 105 110 103
69 100 105 116 111 114 45 105 110 45 67 104 105 101 102
97 116
87 73 82 69 68
85 75 73 110 118 101 115 116 111 114
105 110
111 118 101 114
49 48
117 110 105 99 111 114 110 115 75 101 118 105 110
72 97 114 116 122 85 110 105 99 111 114 110
70 111 117 110 100 101 114 73 110 118 101 115 116 111 114
105 110
111 118 101 114
49 53
117 110 105 99 111 114 110 115 70 101 108 105 120
72 97 97 115 66 105 116 115
38
80 114 101 116 122 101 108 115
70 111 117 110 100 101 114 71 80
97 116
49 48 88
70 111 117 110 100 101 114 115 80 97 116 114 105 99 107
78 97 116 104 101 110 82 97 105 115 101 100
226 130 172 49 46 49 66
102 111 114
76 105 108 105 117 109 65 110 103 101 108
73 110 118 101 115 116 111 114 77 101 101 116
79 117 114
70 101 108 108 111 119 115 87 101
105 110 118 101 115 116
105 110
112 101 111 112 108 101 44
110 111 116
118 101 110 116 117 114 101 115 46
73 116
100 111 101 115 110 226 128 153 116
109 97 116 116 101 114
119 104 101 116 104 101 114
121 111 117
97 108 114 101 97 100 121
109 97 107 101
226 130 172 53 48 48 75
65 82 82
111 114
100 111 110 226 128 153 116
121 101 116
104 97 118 101
97 110
105 100 101 97 46 68 97 110 105 101 108 97
72 101 105 108 65
102 111 114 109 101 114
69 110 112 97 108
86 80
111 102
79 112 101 114 97 116 105 111 110 115
119 104 111
105 115
110 111 119
108 101 97 100 105 110 103
116 104 101
114 101 118 111 108 117 116 105 111 110
105 110
72 86 65 67
100 105 115 116 114 105 98 117 116 105 111 110
119 105 116 104
83 72 75
80 111 119 101 114 46 77 101 101 116
68 97 110 105 101 108 97 44
97
102 111 114 109 101 114
86 80
97 116
69 110 112 97 108
80 114 111 44
69 110 112 97 108 226 128 152 115
66 50 66
112 108 97 116 102 111 114 109 44
97 110 100
83 101 108 108 101 114 88 46
68 97 110 105 101 108 97
105 115
110 111 119
97 116
116 104 101
102 111 114 101 102 114 111 110 116
111 102
72 86 65 67 45 114 101 108 97 116 101 100
115 97 108 101 115
116 101 99 104 46
72 101 114
108 97 116 101 115 116
105 110 105 116 105 97 116 105 118 101 44
97 115
99 111 45 102 111 117 110 100 101 114
97 116
83 72 75
80 111 119 101 114 44
105 115
97
115 97 108 101 115
99 111 45 112 105 108 111 116
102 111 114
99 108 105 109 97 116 101
104 101 114 111 101 115 44
100 101 115 105 103 110 101 100
116 111
98 111 111 115 116
112 114 111 100 117 99 116 105 118 105 116 121
102 111 114
72 86 65 67
112 114 111 102 101 115 115 105 111 110 97 108 115
97 110 100
98 101 121 111 110 100
98 121
115 116 114 101 97 109 108 105 110 105 110 103
116 104 101 105 114
115 97 108 101 115
112 114 111 99 101 115 115 46 72 111 119
69 87 79 82
109 97 100 101
97
100 105 102 102 101 114 101 110 99 101 87 105 116 104
69 87 79 82 39 115
115 117 112 112 111 114 116 44
115 104 101
115 117 99 99 101 115 115 102 117 108 108 121
99 108 111 115 101 100
104 101 114
112 114 101 45 115 101 101 100
102 117 110 100 105 110 103
114 111 117 110 100 46 82 101 97 100
77 111 114 101 65 110 100 114 101 119
78 117 116 116 101 114 65
115 101 114 105 97 108
101 110 116 114 101 112 114 101 110 101 117 114
119 105 116 104
111 118 101 114
226 130 172 49 53 48 109
105 110
114 101 118 101 110 117 101 44
97 110
105 110 118 101 115 116 111 114
105 110
111 118 101 114
55 48
99 111 109 112 97 110 105 101 115 44
97 110 100
97
83 101 113 117 111 105 97
83 99 111 117 116
119 104 111
105 115
110 111 119
98 117 105 108 100 105 110 103
116 104 101
110 101 120 116
103 101 110 101 114 97 116 105 111 110
111 102
115 111 108 97 114 45 112 111 119 101 114 101 100
115 112 97 99 101 99 114 97 102 116
119 105 116 104
71 97 109 97
83 112 97 99 101 46 65 110 100 114 101 119
78 117 116 116 101 114
105 115
97
115 101 97 115 111 110 101 100
101 110 116 114 101 112 114 101 110 101 117 114
97 110 100
105 110 118 101 115 116 111 114
119 104 111 115 101
112 114 101 118 105 111 117 115
118 101 110 116 117 114 101
103 101 110 101 114 97 116 101 100
226 130 172 49 56 48 77
105 110
114 101 118 101 110 117 101
97 110 100
101 109 112 108 111 121 101 100
111 118 101 114
49 44 53 48 48
112 101 111 112 108 101 46
72 101
105 115
97
83 101 113 117 111 105 97
115 99 111 117 116 44
97 110 100
104 97 115
112 101 114 115 111 110 97 108 108 121
109 97 100 101
109 111 114 101
116 104 97 110
55 48
97 110 103 101 108
105 110 118 101 115 116 109 101 110 116 115 44
105 110 99 108 117 100 105 110 103
101 97 114 108 121
115 116 97 107 101 115
105 110
115 116 97 114 116 117 112 115
108 105 107 101
82 101 118 111 108 117 116
97 110 100
65 105 114 99 97 108 108 46
65 110 100 114 101 119
105 115
110 111 119
116 104 101
99 111 45 102 111 117 110 100 101 114
111 102
116 104 101
83 112 97 99 101 84 101 99 104
99 111 109 112 97 110 121 44
71 97 109 97 44
119 104 105 99 104
117 115 101 115
115 111 108 97 114
115 97 105 108 115
102 111 114
112 114 111 112 117 108 115 105 111 110 44
97 110 100
100 101 118 101 108 111 112 105 110 103
115 111 108 117 116 105 111 110 115
116 111
109 105 110 105 109 105 115 101
115 112 97 99 101
100 101 98 114 105 115 46
76 111 110 103 101 114
116 101 114 109 44
71 97 109 97
105 115
117 110 108 111 99 107 105 110 103
117 110 112 114 101 99 101 100 101 110 116 101 100
111 112 112 111 114 116 117 110 105 116 105 101 115
97 99 114 111 115 115
116 104 101
115 111 108 97 114
115 121 115 116 101 109 46 72 111 119
69 87 79 82
109 97 100 101
97
100 105 102 102 101 114 101 110 99 101 65 110 100 114 101 119
104 97 115
98 101 110 101 102 105 116 101 100
102 114 111 109
116 104 101
115 99 105 101 110 116 105 102 105 99
98 97 99 107 103 114 111 117 110 100 115
111 102
116 104 101
69 87 79 82
116 101 97 109
97 110 100
104 101 108 112 101 100
97
115 116 114 97 116 101 103 105 99
112 105 118 111 116
116 111 119 97 114 100
100 101 45 111 114 98 105 116 105 110 103
116 101 99 104 110 111 108 111 103 105 101 115 46 82 101 97 100
77 111 114 101 76 117 107 97 115
75 195 182 115 116 108 101 114 65
80 104 68
105 110
51 68
99 111 109 112 117 116 101 114
118 105 115 105 111 110
97 110 100
100 105 114 101 99 116
114 101 112 111 114 116
116 111
69 108 111 110
77 117 115 107
119 104 111
105 115
110 111 119
112 105 111 110 101 101 114 105 110 103
110 101 120 116 45 103 101 110 101 114 97 116 105 111 110
51 68
118 105 115 105 111 110
76 76 77
116 101 99 104 110 111 108 111 103 121
97 116
83 69 51
76 97 98 115 46 76 117 107 97 115
105 115
97 110
105 110 110 111 118 97 116 111 114
105 110
51 68
99 111 109 112 117 116 101 114
118 105 115 105 111 110 46
72 105 115
102 111 114 109 101 114
119 111 114 107
105 110 99 108 117 100 101 115
99 111 108 108 97 98 111 114 97 116 105 110 103
100 105 114 101 99 116 108 121
119 105 116 104
105 110 100 117 115 116 114 121
108 101 97 100 101 114 115
108 105 107 101
69 108 111 110
77 117 115 107
111 110
51 68
99 111 109 112 117 116 101 114
118 105 115 105 111 110
102 111 114
84 101 115 108 97 46
72 105 115
99 117 114 114 101 110 116
99 111 109 112 97 110 121
108 101 118 101 114 97 103 101 115
99 117 116 116 105 110 103 45 101 100 103 101
116 101 99 104 110 111 108 111 103 121
116 111
99 114 101 97 116 101
115 101 109 97 110 116 105 99
51 68
100 105 103 105 116 97 108
116 119 105 110 115
102 114 111 109
105 109 97 103 101 114 121 44
111 102 102 101 114 105 110 103
105 110 116 117 105 116 105 118 101
117 115 101 114
105 110 116 101 114 102 97 99 101 115
116 104 97 116
114 101 113 117 105 114 101
110 111
112 114 105 111 114
108 101 97 114 110 105 110 103 226 128 148 101 102 102 101 99 116 105 118 101 108 121
116 117 114 110 105 110 103
112 105 99 116 117 114 101 115
105 110 116 111
100 101 116 97 105 108 101 100
51 68
109 111 100 101 108 115 46
76 117 107 97 115
97 110 100
104 105 115
116 101 97 109
104 97 118 101
98 111 111 116 115 116 114 97 112 112 101 100
116 104 101
99 111 109 112 97 110 121
116 111
226 130 172 53 48 48 75
105 110
97 110 110 117 97 108
114 101 118 101 110 117 101 46 72 111 119
69 87 79 82
109 97 100 101
97
100 105 102 102 101 114 101 110 99 101 87 105 116 104
116 104 101
115 117 112 112 111 114 116
111 102
69 87 79 82 44
76 117 107 97 115
115 117 99 99 101 115 115 102 117 108 108 121
105 100 101 110 116 105 102 105 101 100
116 104 101
111 112 116 105 109 97 108
105 110 105 116 105 97 108
109 97 114 107 101 116
115 101 103 109 101 110 116 44
115 101 99 117 114 101 100
104 105 115
102 105 114 115 116
99 117 115 116 111 109 101 114 115 44
101 120 101 99 117 116 101 100
97
115 116 114 97 116 101 103 105 99
112 105 118 111 116 44
97 110 100
99 111 110 110 101 99 116 101 100
119 105 116 104
105 110 102 108 117 101 110 116 105 97 108
117 110 105 99 111 114 110
102 111 117 110 100 101 114 115
111 110
116 104 101
87 101 115 116
67 111 97 115 116 44
112 114 111 112 101 108 108 105 110 103
104 105 115
98 117 115 105 110 101 115 115
102 111 114 119 97 114 100 46 82 101 97 100
77 111 114 101 70 97 114 105 115
70 97 107 104 114 121 65 110
77 73 84
110 117 99 108 101 97 114
115 99 105 101 110 116 105 115 116
114 97 105 115 101 100
98 121
116 104 101
102 111 117 110 100 101 114 115
111 102
116 104 101
84 104 105 101 108
70 101 108 108 111 119 115 104 105 112
119 104 111
105 115
110 111 119
98 117 105 108 100 105 110 103
102 117 115 105 111 110 45 102 105 115 115 105 111 110
116 101 99 104 110 111 108 111 103 121
119 105 116 104
73 114 114 97 100 105 97
83 111 108 117 116 105 111 110 115 46 70 97 114 105 115
105 115
97 110
77 73 84 45 116 114 97 105 110 101 100
110 117 99 108 101 97 114
115 99 105 101 110 116 105 115 116
119 104 111
102 111 117 110 100 101 100
104 105 115
102 105 114 115 116
118 101 110 116 117 114 101
97 116
116 104 101
97 103 101
111 102
50 49 46
78 111 119
102 111 99 117 115 101 100
111 110
97
110 101 119
118 101 110 116 117 114 101 44
73 114 114 97 100 105 97 44
104 101
97 105 109 115
116 111
114 101 118 111 108 117 116 105 111 110 105 115 101
116 104 101
110 117 99 108 101 97 114
116 101 99 104 110 111 108 111 103 121
116 101 115 116 105 110 103
115 101 99 116 111 114
98 121
100 101 118 101 108 111 112 105 110 103
97
99 111 109 112 97 99 116 44
115 117 98 45 99 114 105 116 105 99 97 108
116 101 115 116
114 101 97 99 116 111 114 46
73 114 114 97 100 105 97 39 115
105 110 110 111 118 97 116 105 118 101
109 101 116 104 111 100
105 115
109 111 114 101
99 111 115 116 45 101 102 102 101 99 116 105 118 101 44
97 100 97 112 116 97 98 108 101 44
97 110 100
115 99 97 108 97 98 108 101
116 104 97 110
116 114 97 100 105 116 105 111 110 97 108
97 112 112 114 111 97 99 104 101 115 46
66 121
99 111 108 108 97 98 111 114 97 116 105 110 103
119 105 116 104
109 97 106 111 114
112 108 97 121 101 114 115
108 105 107 101
83 72 73 78 69
84 101 99 104 110 111 108 111 103 105 101 115 44
116 104 101
99 111 109 112 97 110 121
97 105 109 115
116 111
99 108 111 115 101
116 104 101
99 117 114 114 101 110 116
115 117 112 112 108 121 45 100 101 109 97 110 100
103 97 112 44
101 110 97 98 108 105 110 103
110 117 99 108 101 97 114
105 110 110 111 118 97 116 105 111 110 115
116 111
98 101
116 101 115 116 101 100
97 110 100
108 97 117 110 99 104 101 100
109 111 114 101
101 102 102 105 99 105 101 110 116 108 121 46 194 72 111 119
69 87 79 82
109 97 100 101
97
100 105 102 102 101 114 101 110 99 101 69 87 79 82
104 97 115
115 117 112 112 111 114 116 101 100
70 97 114 105 115
116 104 114 111 117 103 104
104 105 115
102 101 108 108 111 119 115 104 105 112
98 121
99 111 109 109 101 114 99 105 97 108 105 115 105 110 103
104 105 115
118 101 110 116 117 114 101 44
115 116 114 101 97 109 108 105 110 105 110 103
104 105 115
108 101 103 97 108
115 116 114 117 99 116 117 114 101 44
97 110 100
105 115
99 117 114 114 101 110 116 108 121
112 114 101 112 97 114 105 110 103
104 105 109
102 111 114
116 104 101
110 101 120 116
102 117 110 100 105 110 103
114 111 117 110 100 46 82 101 97 100
77 111 114 101 77 97 120
79 115 98 111 114 110 101 65
109 97 116 104 101 109 97 116 105 99 105 97 110
116 117 114 110 101 100
109 117 108 116 105 45 97 119 97 114 100 45 119 105 110 110 105 110 103
109 97 114 107 101 116 101 114 44
118 111 116 101 100
66 101 115 116
84 101 99 104
105 110
73 110 102 108 117 101 110 99 101 114
77 97 114 107 101 116 105 110 103 44
119 104 111
105 115
110 111 119
98 117 105 108 100 105 110 103
98 114 97 110 100
108 105 102 116
109 97 110 97 103 101 109 101 110 116
119 105 116 104
84 104 105 115 84 104 97 116 46 77 97 120
105 115
102 111 117 110 100 101 114
111 102
84 104 105 115 84 104 97 116 44
97
100 97 116 97
99 111 109 112 97 110 121
116 104 97 116
101 109 112 111 119 101 114 115
97 100 118 101 114 116 105 115 101 114 115 44
97 110 100
97
102 111 114 109 101 114
115 110 111 119 98 111 97 114 100 105 110 103
99 104 97 109 112 105 111 110
119 105 116 104
77 97 116 104 101 109 97 116 105 99 115
97 110 100
68 97 116 97
83 99 105 101 110 99 101
100 101 103 114 101 101 115
102 114 111 109
116 104 101
85 110 105 118 101 114 115 105 116 121
111 102
69 100 105 110 98 117 114 103 104 46
70 114 111 109
50 48 50 50
116 111
50 48 50 51 44
104 105 115
98 117 115 105 110 101 115 115 226 128 153
114 117 110 45 114 97 116 101
114 101 118 101 110 117 101
115 107 121 114 111 99 107 101 116 101 100
102 114 111 109
226 130 172 51 48 48 75
116 111
226 130 172 51 46 53 77 46 72 111 119
69 87 79 82
109 97 100 101
97
100 105 102 102 101 114 101 110 99 101 87 105 116 104
105 110 116 114 111 115
101 120 99 108 117 115 105 118 101 108 121
102 114 111 109
117 115 44
77 97 120
115 101 99 117 114 101 100
105 110 118 101 115 116 109 101 110 116
102 114 111 109
101 105 103 104 116
97 110 103 101 108
105 110 118 101 115 116 111 114 115 44
105 110 99 108 117 100 105 110 103
117 110 105 99 111 114 110
102 111 117 110 100 101 114 115
86 105 116 97 108
76 97 112 116 101 110 111 107 44
82 97 108 102
82 101 105 99 104 101 114 116 44
70 97 98 114 105 99 101
71 114 105 110 100 97 44
97 110 100
80 97 117 108
77 195 188 108 108 101 114
97 115
119 101 108 108
97 115
115 117 112 101 114 115 116 97 114
97 110 103 101 108 115
115 117 99 104
97 115
70 101 108 105 120
72 97 97 115 44
65 110 100 114 101 106
72 101 110 107 108 101 114 44
72 117 98 101 114 116 117 115
66 101 115 115 97 117 44
81 117 105 110 116 101 110
83 101 108 104 111 114 115 116 44
97 110 100
74 111 97 99 104 105 109
68 114 101 101 115 46
72 105 115
105 110 100 117 115 116 114 121 44
112 114 101 118 105 111 117 115 108 121
100 111 109 105 110 97 116 101 100
98 121
102 105 114 109 115
108 105 107 101
78 105 101 108 115 101 110
97 110 100
75 97 110 116 97 114 44
105 115
98 101 105 110 103
116 114 97 110 115 102 111 114 109 101 100
98 121
84 104 105 115 84 104 97 116 226 128 153 115
116 101 99 104 110 111 108 111 103 121 44
119 104 105 99 104
111 102 102 101 114 115
108 101 97 100 105 110 103
115 111 108 117 116 105 111 110 115
102 111 114
109 97 106 111 114
112 108 97 121 101 114 115
108 105 107 101
77 101 116 97
97 110 100
65 109 97 122 111 110 44
97 110 100
97
102 97 115 116 101 114 44
109 111 114 101
97 102 102 111 114 100 97 98 108 101
111 112 116 105 111 110
102 111 114
116 104 101
98 114 111 97 100 101 114
109 97 114 107 101 116 46 82 101 97 100
77 111 114 101 65 108 101 120
72 97 114 115 116 111 110 65
80 104 68
105 110
109 97 99 104 105 110 101
108 101 97 114 110 105 110 103
97 110 100
110 101 117 114 111 115 99 105 101 110 99 101
102 114 111 109
73 109 112 101 114 105 97 108
67 111 108 108 101 103 101
76 111 110 100 111 110
119 104 111
98 117 105 108 116
104 105 115
102 105 114 115 116
99 111 109 112 117 116 101 114
105 110
104 105 115
116 101 101 110 115
97 110 100
105 115
110 111 119
115 104 97 112 105 110 103
98 105 111
100 97 116 97
115 99 105 101 110 99 101
70 108 111 119 46 98 105 111 46 72 101
104 97 115
98 101 101 110
105 110 110 111 118 97 116 105 110 103
115 105 110 99 101
104 105 115
116 101 101 110 115 44
119 104 101 110
97 116
106 117 115 116
49 52 44
65 108 101 120
119 97 115
98 117 105 108 100 105 110 103
104 105 115
102 105 114 115 116
104 97 114 100 119 97 114 101
99 111 109 112 111 110 101 110 116 115
97 110 100
99 117 115 116 111 109
99 111 109 112 117 116 101 114
109 111 117 115 101
112 114 111 116 111 116 121 112 101 115 44
97 110 100
108 97 116 101 114
98 111 111 116 115 116 114 97 112 112 101 100
97
98 105 111 105 110 102 111 114 109 97 116 105 99 115
112 108 97 116 102 111 114 109
116 111
226 130 172 51 53 48 107
65 82 82 46
72 105 115
108 97 116 101 115 116
118 101 110 116 117 114 101 44
70 108 111 119 46 98 105 111 44
112 114 111 118 105 100 101 115
97
99 111 109 112 114 101 104 101 110 115 105 118 101
100 97 116 97
105 110 102 114 97 115 116 114 117 99 116 117 114 101
102 111 114
98 105 111 108 111 103 121
115 116 97 114 116 117 112 115
97 110 100
108 105 102 101
115 99 105 101 110 99 101
99 111 109 112 97 110 105 101 115 46
84 104 105 115
112 108 97 116 102 111 114 109
105 110 116 101 103 114 97 116 101 115
97 110 97 108 121 115 105 115
116 111 111 108 115
97 110 100
97
98 105 111 45 100 97 116 97 98 97 115 101
116 111
97 117 116 111 109 97 116 105 99 97 108 108 121
99 117 114 97 116 101
97 110 100
113 117 97 108 105 116 121 45 99 111 110 116 114 111 108
115 101 113 117 101 110 99 105 110 103
100 97 116 97 44
99 114 101 97 116 105 110 103
97
99 108 101 97 110 44
105 110 116 101 114 110 97 108
100 97 116 97 98 97 115 101
116 97 105 108 111 114 101 100
102 111 114
65 73
97 112 112 108 105 99 97 116 105 111 110 115
105 110
98 105 111 108 111 103 121 46 72 111 119
69 87 79 82
109 97 100 101
97
100 105 102 102 101 114 101 110 99 101 69 87 79 82
104 97 115
115 117 112 112 111 114 116 101 100
70 108 111 119 46 98 105 111
105 110
105 116 115
102 117 110 100 114 97 105 115 105 110 103
101 102 102 111 114 116 115 44
99 111 109 109 101 114 99 105 97 108 105 115 97 116 105 111 110 44
97 110 100
109 97 107 105 110 103
116 104 101
114 105 103 104 116
104 105 114 101 115 46 82 101 97 100
77 111 114 101 76 117 107 101
70 101 114 114 105 115 65 110
79 120 102 111 114 100 45 101 100 117 99 97 116 101 100
99 111 109 112 117 116 101 114
115 99 105 101 110 116 105 115 116
97 110 100
102 111 114 109 101 114
104 101 97 100
111 102
100 105 103 105 116 97 108
97 116
66 97 105 110 38 67 111 109 112 97 110 121
119 104 111
105 115
110 111 119
115 112 101 97 114 104 101 97 100 105 110 103
110 111
99 111 100 101
98 97 99 107 101 110 100
97 117 116 111 109 97 116 105 111 110
119 105 116 104
79 114 105 103 105 110 65 73 46 76 117 107 101
115 111 108 100
104 105 115
112 114 101 118 105 111 117 115
115 116 97 114 116 117 112
116 111
97
108 101 97 100 105 110 103
103 108 111 98 97 108
116 101 99 104 110 111 108 111 103 121
100 105 115 116 114 105 98 117 116 111 114
97 102 116 101 114
114 97 105 115 105 110 103
116 104 114 101 101
114 111 117 110 100 115
111 102
102 117 110 100 105 110 103 46
65 115
97 110
65 115 115 111 99 105 97 116 101
80 97 114 116 110 101 114
105 110
66 97 105 110 39 115
65 68 65 80 84
100 105 103 105 116 97 108
105 110 110 111 118 97 116 105 111 110
116 101 97 109 44
104 101
103 114 101 119
116 104 101
116 101 97 109
102 114 111 109
51
116 111
55 48
112 101 111 112 108 101 46
79 114 105 103 105 110 65 73 44
104 105 115
69 87 79 82 45 98 97 99 107 101 100
118 101 110 116 117 114 101 44
117 115 101 115
71 101 110 65 73
116 111
101 110 97 98 108 101
98 117 115 105 110 101 115 115
117 115 101 114 115
116 111
105 110 100 101 112 101 110 100 101 110 116 108 121
100 101 118 101 108 111 112
99 111 109 112 108 101 120
101 110 116 101 114 112 114 105 115 101
116 111 111 108 115 44
119 105 116 104 111 117 116
116 104 101
105 110 118 111 108 118 101 109 101 110 116
111 102
100 101 118 101 108 111 112 101 114 115
111 114
112 114 111 100 117 99 116
116 101 97 109 115 46 72 111 119
69 87 79 82
109 97 100 101
97
100 105 102 102 101 114 101 110 99 101 87 105 116 104
69 87 79 82 226 128 153 115
97 115 115 105 115 116 97 110 99 101 44
76 117 107 101
115 117 99 99 101 115 115 102 117 108 108 121
115 101 99 117 114 101 100
116 104 101
101 110 116 105 114 101
112 114 101 45 115 101 101 100
102 117 110 100 105 110 103
114 111 117 110 100 44
111 112 116 105 109 105 122 101 100
116 104 101
115 116 114 97 116 101 103 105 99
100 105 114 101 99 116 105 111 110 44
97 110 100
114 101 115 116 114 117 99 116 117 114 101 100
116 104 101
105 110 99 101 110 116 105 118 101
112 108 97 110 115
102 111 114
116 104 101
102 111 117 110 100 105 110 103
116 101 97 109 44
116 104 101 114 101 98 121
114 101 100 101 102 105 110 105 110 103
116 104 101
99 114 101 97 116 105 111 110
111 102
101 110 116 101 114 112 114 105 115 101
100 105 103 105 116 97 108
116 111 111 108 115 46 82 101 97 100
77 111 114 101 69 108 108 97
84 114 105 103 119 101 108 108 65 110
101 110 116 114 101 112 114 101 110 101 117 114
102 101 97 116 117 114 101 100
105 110
116 104 101
84 101 108 101 103 114 97 112 104
97 110 100
78 89
84 105 109 101 115
119 104 111
105 115
100 105 115 114 117 112 116 105 110 103
116 104 101
99 104 105 108 100 99 97 114 101
105 110 100 117 115 116 114 121
119 105 116 104
77 97 114 118 101 108 108 111 117 115
66 97 98 121 115 105 116 116 105 110 103 46 69 108 108 97
105 115
97
78 111 114 108 97 110 100
67 111 108 108 101 103 101
97 108 117 109 110 97
119 105 116 104
102 105 114 115 116 45 99 108 97 115 115
104 111 110 111 114 115
97 110 100
102 111 117 110 100 101 114
111 102
77 97 114 118 101 108 108 111 117 115
66 97 98 121 115 105 116 116 105 110 103 46
77 97 114 118 101 108 108 111 117 115
66 97 98 121 115 105 116 116 105 110 103
109 111 100 101 114 110 105 115 101 115
104 111 119
102 97 109 105 108 105 101 115
97 99 99 101 115 115
116 114 117 115 116 119 111 114 116 104 121
97 110 100
102 108 101 120 105 98 108 101
99 104 105 108 100 99 97 114 101 46
85 110 100 101 114
69 108 108 97 39 115
108 101 97 100 101 114 115 104 105 112 44
116 104 101
99 111 109 112 97 110 121
104 97 115
100 101 118 101 108 111 112 101 100
97
109 111 100 101 114 110
115 111 108 117 116 105 111 110
116 104 97 116
99 111 110 110 101 99 116 115
102 97 109 105 108 105 101 115
119 105 116 104
101 120 112 101 114 105 101 110 99 101 100 44
104 105 103 104 108 121
116 114 97 105 110 101 100 44
97 110 100
118 101 116 116 101 100
110 97 110 110 105 101 115
116 104 114 111 117 103 104
97 110
101 97 115 121 45 116 111 45 117 115 101
97 112 112 46
83 104 101
113 117 105 99 107 108 121
98 111 111 115 116 101 100
116 104 101
112 108 97 116 102 111 114 109
116 111
97
116 114 97 110 115 97 99 116 105 111 110
118 111 108 117 109 101
111 102
226 130 172 51 48 48 75
97 110 100
101 97 114 110 101 100
102 101 97 116 117 114 101 115
105 110
109 97 106 111 114
112 117 98 108 105 99 97 116 105 111 110 115
108 105 107 101
116 104 101
84 101 108 101 103 114 97 112 104
97 110 100
78 89
84 105 109 101 115 46 72 111 119
69 87 79 82
109 97 100 101
97
100 105 102 102 101 114 101 110 99 101 87 105 116 104
69 87 79 82 44
69 108 108 97
119 97 115
97 98 108 101
116 111
112 114 101 112 97 114 101
102 111 114
104 101 114
102 105 114 115 116
97 110 103 101 108
105 110 118 101 115 116 109 101 110 116
114 111 117 110 100
97 110 100
103 105 118 101 110
101 120 116 101 110 115 105 118 101
103 117 105 100 97 110 99 101
116 111
104 101 114
97 112 112 39 115
112 114 105 99 105 110 103
115 116 114 97 116 101 103 121 44
116 114 97 110 115 105 116 105 111 110 105 110 103
102 114 111 109
97
102 114 101 101 109 105 117 109
116 111
97
112 97 105 100
115 117 98 115 99 114 105 112 116 105 111 110
109 111 100 101 108 46 82 101 97 100
77 111 114 101 74 111 114 103 101 110
84 118 101 105 116 65 110
79 120 102 111 114 100
103 114 97 100 117 97 116 101
119 104 111
115 101 99 117 114 101 100
69 117 114 111 112 101 39 115
108 97 114 103 101 115 116
112 114 101 45 115 101 101 100
102 117 110 100 105 110 103
114 111 117 110 100
97 115
97
102 105 114 115 116 45 116 105 109 101
102 111 117 110 100 101 114
97 110 100
105 115
110 111 119
98 117 105 108 100 105 110 103
116 104 101
119 111 114 108 100 39 115
112 111 116 101 110 116 105 97 108 108 121
99 104 101 97 112 101 115 116
101 110 101 114 103 121
115 116 111 114 97 103 101
116 101 99 104 110 111 108 111 103 121
119 105 116 104
84 104 97 108 101 114 111 110 46 77 101 101 116
74 195 182 114 103 101 110 44
97 110
79 120 102 111 114 100
103 114 97 100 117 97 116 101
97 110 100
66 114 105 116 105 115 104
66 111 97 116
82 97 99 101
114 101 99 111 114 100
104 111 108 100 101 114 46
65 115
99 111 45 102 111 117 110 100 101 114
111 102
84 104 97 108 101 114 111 110 44
104 101
108 101 97 100 115
111 110 101
111 102
69 117 114 111 112 101 39 115
116 111 112 45 102 117 110 100 101 100
101 97 114 108 121 45 115 116 97 103 101
99 108 105 109 97 116 101
116 101 99 104
99 111 109 112 97 110 105 101 115 46
84 104 97 108 101 114 111 110
105 115
112 105 111 110 101 101 114 105 110 103
97
112 97 116 101 110 116 101 100
117 110 100 101 114 115 101 97
101 110 101 114 103 121
115 116 111 114 97 103 101
102 108 121 119 104 101 101 108 44
112 111 105 115 101 100
116 111
116 114 97 110 115 102 111 114 109
116 104 101
116 114 105 108 108 105 111 110 45 101 117 114 111
114 101 110 101 119 97 98 108 101
101 110 101 114 103 121
109 97 114 107 101 116 46
79 102 102 101 114 105 110 103
116 104 101
115 97 109 101
115 116 111 114 97 103 101
99 97 112 97 99 105 116 121
97 115
116 114 97 100 105 116 105 111 110 97 108
102 108 121 119 104 101 101 108 115
98 117 116
97 116
106 117 115 116
49 47 50 48 48 116 104
111 102
116 104 101
99 111 115 116
97 110 100
119 105 116 104
57 50 37
101 102 102 105 99 105 101 110 99 121 44
84 104 97 108 101 114 111 110 39 115
105 110 110 111 118 97 116 105 118 101
116 101 99 104 110 111 108 111 103 121
104 97 115
116 104 101
112 111 116 101 110 116 105 97 108
116 111
98 101 99 111 109 101
116 104 101
119 111 114 108 100 226 128 153 115
99 104 101 97 112 101 115 116
101 110 101 114 103 121
115 116 111 114 97 103 101
115 111 108 117 116 105 111 110 46 72 111 119
69 87 79 82
109 97 100 101
97
100 105 102 102 101 114 101 110 99 101 87 105 116 104 105 110
106 117 115 116
102 105 118 101
109 111 110 116 104 115
111 102
106 111 105 110 105 110 103
116 104 101
69 87 79 82
70 101 108 108 111 119 115 104 105 112 44
74 195 182 114 103 101 110
108 101 118 101 114 97 103 101 100
116 104 101
110 101 116 119 111 114 107
97 110 100
114 101 115 111 117 114 99 101 115
112 114 111 118 105 100 101 100
116 111
115 101 99 117 114 101
69 117 114 111 112 101 226 128 153 115
108 97 114 103 101 115 116
112 114 101 45 115 101 101 100
102 117 110 100 105 110 103
114 111 117 110 100
97 115
97
102 105 114 115 116 45 116 105 109 101
102 111 117 110 100 101 114 46 82 101 97 100
77 111 114 101 68 97 110 105 101 108
75 111 115 115 65 110
97 110 103 101 108
105 110 118 101 115 116 111 114
97 110 100
83 119 105 116 122 101 114 108 97 110 100 39 115
116 111 112
103 97 109 105 110 103
89 111 117 84 117 98 101 114
119 104 111
105 115
110 111 119
115 104 97 112 105 110 103
116 104 101
102 117 116 117 114 101
111 102
68 97 97 83
105 110 102 108 117 101 110 99 101 114
115 111 102 116 119 97 114 101 46 68 97 110 105 101 108
119 97 115
83 119 105 116 122 101 114 108 97 110 100 226 128 153 115
116 111 112
103 97 109 105 110 103
89 111 117 84 117 98 101 114
97 110 100
97 110
97 110 103 101 108
105 110 118 101 115 116 111 114 46
72 101
105 110 105 116 105 97 108 108 121
108 97 117 110 99 104 101 100
116 104 101
99 111 117 110 116 114 121 39 115
108 101 97 100 105 110 103
105 110 102 108 117 101 110 99 101 114
97 103 101 110 99 121 46
72 101
116 104 101 110
102 111 117 110 100 101 100
67 114 101 97 98 108 101 44
112 105 111 110 101 101 114 105 110 103
116 104 101
102 117 116 117 114 101
111 102
68 97 97 83
105 110 102 108 117 101 110 99 101 114
115 111 102 116 119 97 114 101 46 194
67 114 101 97 98 108 101
105 115
97
115 116 97 116 101 45 111 102 45 116 104 101 45 97 114 116
105 110 102 108 117 101 110 99 101 114
109 97 114 107 101 116 105 110 103
112 108 97 116 102 111 114 109
116 104 97 116
99 111 110 110 101 99 116 115
98 117 115 105 110 101 115 115 101 115
119 105 116 104
97
118 97 115 116
110 101 116 119 111 114 107
111 102
111 118 101 114
51 48 48
109 105 108 108 105 111 110
99 114 101 97 116 111 114 115
102 111 114
109 101 97 110 105 110 103 102 117 108
99 111 108 108 97 98 111 114 97 116 105 111 110 115 46
70 101 97 116 117 114 105 110 103
116 104 101
108 97 114 103 101 115 116
100 97 116 97 98 97 115 101
111 102
99 114 101 97 116 111 114 115
97 110 100
111 102 102 101 114 105 110 103
117 110 105 113 117 101
100 97 116 97
105 110 115 105 103 104 116 115
115 117 99 104
97 115
65 117 100 105 101 110 99 101
83 101 110 116 105 109 101 110 116
65 110 97 108 121 115 105 115 44
67 114 101 97 98 108 101
100 105 115 116 105 110 103 117 105 115 104 101 115
105 116 115 101 108 102
105 110
116 104 101
109 97 114 107 101 116 46 72 111 119
69 87 79 82
109 97 100 101
97
100 105 102 102 101 114 101 110 99 101 87 105 116 104
69 87 79 82 39 115
103 117 105 100 97 110 99 101
97 110 100
115 117 112 112 111 114 116 44
68 97 110 105 101 108
99 101 108 101 98 114 97 116 101 100
97
115 117 99 99 101 115 115 102 117 108
102 117 110 100 105 110 103
114 111 117 110 100
102 111 114
116 104 105 115
105 110 110 111 118 97 116 105 118 101
112 108 97 116 102 111 114 109 46 82 101 97 100
77 111 114 101 84 104 101
69 87 79 82
69 100 103 101 117 112
116 111
226 130 172
49 53 48 75 73 110 118 101 115 116 109 101 110 116
102 114 111 109
69 87 79 82 46
77 105 108 108 105 111 110 115
112 111 116 101 110 116 105 97 108 108 121
114 97 105 115 101 100
97 102 116 101 114 119 97 114 100 115 50 46 53 120 72 105 103 104 101 114
118 97 108 117 97 116 105 111 110 116 104 97 110
116 104 101
97 118 101 114 97 103 101
102 111 117 110 100 101 114
97 102 116 101 114
98 101 105 110 103
97 99 99 101 112 116 101 100
105 110 116 111
116 104 101
102 101 108 108 111 119 115 104 105 112 194 97 118 103 46
49 51 48 37 77 111 114 101
109 111 110 101 121
114 97 105 115 101 100 116 104 97 110
97 110
97 118 101 114 97 103 101
112 114 101 45 115 101 101 100
102 111 117 110 100 101 114 48 46 49 37 65 99 99 101 112 116 97 110 99 101
114 97 116 101 46 226 128 168 79 117 116 108 105 101 114 115
111 110 108 121 33 70 111 114
70 111 117 110 100 101 114 115
194
194 66 121
70 111 117 110 100 101 114 115 99 114 101 97 116 101 100
99 111 109 112 97 110 105 101 115 118 97 108 117 101 100
97 116
111 118 101 114
226 130 172 49 50 66 44
111 118 101 114 49 48 48
97 110 103 101 108
105 110 118 101 115 116 109 101 110 116 115 44
105 110 105 116 105 97 116 101 100
116 104 101
119 111 114 108 100 226 128 153 115
108 101 97 100 105 110 103
85 50 54
102 111 117 110 100 101 114
110 111 110 45 112 114 111 102 105 116 44
97 110 100
99 111 45 105 110 118 101 110 116 101 100
116 104 101
68 101 115 105 103 110
84 104 105 110 107 105 110 103
77 101 116 104 111 100 46 65 108 101 120
71 114 111 116 115 70 111 117 110 100 101 100
80 114 111 71 108 111 118 101
40 226 130 172 53 48 48 77
101 120 105 116 41
97 110 100
99 111 45 105 110 118 101 110 116 101 100
68 101 115 105 103 110
84 104 105 110 107 105 110 103 46 66 101 114 110 97
69 112 105 107 70 111 117 110 100 101 100
78 79 86 73 68 50 48
40 115 99 97 108 101 100
116 111
56 48
101 110 103 105 110 101 101 114 115 44
101 120 105 116 41 46 68 97 110 105 101 108
68 105 112 112 111 108 100 70 111 117 110 100 101 100
78 101 119 78 111 119
71 114 111 117 112 44
85 110 108 105 109 105 116 105 120 44
97 110 100
69 87 79 82
40 62 226 130 172 50 48 48 77
105 110
99 111 109 112 97 110 121
118 97 108 117 101 41
105 110
104 105 115
116 119 101 110 116 105 101 115
97 110 100
105 110 105 116 105 97 116 101 100
83 105 103 109 97
83 113 117 97 114 101 100
83 111 99 105 101 116 121
40 50 48 48
100 105 114 101 99 116 111 114 115 44
51 48
99 111 117 110 116 114 105 101 115 41 46 70 108 111 114 105 97 110
72 117 98 101 114 70 111 117 110 100 101 100
85 110 105 116 101 100
68 111 109 97 105 110 115
40 115 111 108 100
116 111
49 38 49 41 44
110 101 117 98 97 117
107 111 109 112 97 115 115
65 71
40 109 97 114 107 101 116
108 101 97 100 101 114 41
97 110 100
119 97 115
66 117 115 105 110 101 115 115
65 110 103 101 108
111 102
116 104 101
89 101 97 114
50 48 49 56 46 80 97 117 108
72 46
77 195 188 108 108 101 114 70 111 117 110 100 101 100
65 100 106 117 115 116
40 115 111 108 100
116 111
65 112 112 76 111 118 105 110
102 111 114
226 130 172 49
66
105 110
50 48 50 49 41
97 110 100
84 101 97 109
79 119 110 101 114
111 102
80 72 77
82 97 99 105 110 103 46 80 101 116 116 101 114
77 97 100 101 67 111 45 102 111 117 110 100 101 100
83 117 109 45 85 112
40 226 130 172 56 66
118 97 108 117 97 116 105 111 110 41 44
97 110 100
116 104 101 110
98 101 99 97 109 101
67 80 84 79
97 116
68 114 111 111 109 115 46 81 117 105 110 116 101 110
83 101 108 104 111 114 115 116 67 111 45 102 111 117 110 100 101 100
70 101 108 121 120 44
97 110 100
116 104 101 110
99 111 45 102 111 117 110 100 101 100
68 117 116 99 104
79 112 101 114 97 116 111 114
70 117 110 100 46 68 101 115 105 103 110 101 100 44
115 117 112 112 111 114 116 101 100 44
97 110 100
101 110 100 111 114 115 101 100
98 121
117 110 105 99 111 114 110
102 111 117 110 100 101 114 115
97 110 100
105 110 118 101 115 116 111 114 115 70 97 98 114 105 99 101
71 114 105 110 100 97 75 110 111 119 110
97 115
116 104 101
98 101 115 116
97 110 103 101 108
105 110 118 101 115 116 111 114
105 110
116 104 101
119 111 114 108 100 97 110 100
98 117 105 108 116
79 76 88 44
116 104 101
119 101 98 115 105 116 101
119 105 116 104
116 104 101
109 111 115 116
117 110 105 113 117 101
118 105 115 105 116 111 114 115
112 101 114
109 111 110 116 104 46 86 97 108 101 114 105 101
66 117 114 101 115 70 111 117 110 100 101 100
77 114 115 46 83 112 111 114 116 121
97 110 100
105 115
97 109 111 110 103
116 104 101 116 111 112
53
111 102
69 117 114 111 112 101 226 128 153 115
109 111 115 116
115 117 99 99 101 115 115 102 117 108
102 101 109 97 108 101
101 110 116 114 101 112 114 101 110 101 117 114 115 46 76 117 98 111 109 105 108 97
74 111 114 100 97 110 111 118 97 70 111 117 110 100 101 114
111 102 80 108 97 110
65 44
99 111 45 102 111 117 110 100 101 114
111 102 71 114 101 101 110 116 101 99 104
65 108 108 105 97 110 99 101 97 110 100 77 73 84
85 110 100 101 114
51 53
73 110 110 111 118 97 116 111 114 46 82 101 110 97 117 100
86 105 115 97 103 101 67 111 45 102 111 117 110 100 101 100
116 104 101
119 111 114 108 100 39 115
108 97 114 103 101 115 116
101 118 101 110 116
116 101 99 104 110 111 108 111 103 121
99 111 109 112 97 110 121 44
69 118 101 110 116 98 114 105 116 101
40 78 89 83 69 58
69 66 41 44
97 110 100
110 111 119
104 101 108 112 105 110 103
115 116 97 114 116 45 117 112 115
115 99 97 108 101 46 86 97 105 116 101 97
67 111 119 97 110 67 111 45 70 111 117 110 100 101 114
111 102
69 110 97 112 116 101 114
40 54 52 48 77
73 80 79 41 44
97 110 100
70 111 114 98 101 115
85 110 100 101 114
51 48
105 110
116 104 101
69 110 101 114 103 121
50 48 50 48
108 105 115 116 46 70 101 108 105 120
72 97 97 115 70 111 117 110 100 101 100
73 68 78 111 119
40 117 110 105 99 111 114 110 41 44
99 104 97 105 114 109 97 110
111 102
66 105 116 115
38
80 114 101 116 122 101 108 115
97 110 100
102 111 117 110 100 105 110 103
112 97 114 116 110 101 114
111 102
49 48 120
71 114 111 117 112 46 80 97 116 114 105 99 107
78 97 116 104 101 110 69 97 114 108 121
115 116 97 103 101
115 116 97 114 116 45 117 112
97 100 118 105 115 111 114 44
98 117 115 105 110 101 115 115
97 110 103 101 108 44
97 110 100 99 111 45 102 111 117 110 100 101 114
111 102
76 105 108 105 117 109 44
119 104 105 99 104
114 97 105 115 101 100
226 130 172 49 46 53 66 46 74 101 110 115
87 97 115 101 108 70 111 117 110 100 101 114
111 102
75 87 45 67 111 109 109 101 114 99 101
40 98 111 111 116 115 116 114 97 112 112 101 100
116 111
36 49 48 48 77
105 110
116 117 114 110 111 118 101 114 41 46 69 120 45 77 97 110 97 103 105 110 103
68 105 114 101 99 116 111 114
111 102
83 101 108 108 101 114 88 45 71 114 111 117 112
40 117 110 105 99 111 114 110 41
97 110 100
70 111 117 110 100 105 110 103
80 97 114 116 110 101 114
111 102
83 99 97 108 101
73 110 118 101 115 116 46 67 104 114 105 115 116 105 97 110
75 114 111 108 108 70 111 117 110 100 101 100
69 99 111 115 105 97 44
119 104 105 99 104
105 115
69 117 114 111 112 101 226 128 153 115
108 97 114 103 101 115 116
115 101 97 114 99 104
101 110 103 105 110 101
97 102 116 101 114
71 111 111 103 108 101 97 110 100
112 108 97 110 116 101 100
111 118 101 114
50 48 48
109 105 108 108 105 111 110
116 114 101 101 115 46 78 105 99 111 108 97 115
68 101
83 97 110 116 105 115 70 111 117 110 100 101 100
66 101 101 110 122
40 116 104 101
102 105 114 115 116 45 101 118 101 114
119 101 98
99 117 114 114 101 110 99 121
112 114 105 111 114
116 111
98 108 111 99 107 99 104 97 105 110 41 44
79 112 111 100 111
40 226 130 172 49 46 50 66
105 110
115 97 108 101 115 41 44
67 69 79 44
68 69 83 65 78 84 73 83
77 101 103 97 118 105 115 105 111 110 97 114 121
76 97 98 46 68 97 118 105 100
82 111 119 97 110 70 111 117 110 100 105 110 103
69 100 105 116 111 114 45 105 110 45 99 104 105 101 102
111 102
87 73 82 69 68
85 75 44
105 110 118 101 115 116 111 114
105 110
109 111 114 101
116 104 97 110
49 55 48
115 116 97 114 116 117 112 115
40 55
117 110 105 99 111 114 110 115 41
97 110 100
102 111 117 110 100 101 100
86 79 89 65 71 69 82 83 65 110 100 114 101 106
72 101 110 107 108 101 114 83 101 114 105 97 108
101 110 116 114 101 112 114 101 110 101 117 114
119 104 111 105 110 118 101 115 116 101 100
105 110
111 118 101 114
49 53
117 110 105 99 111 114 110 115 46 77 97 120
118 111 110
66 105 115 109 97 114 99 107 83 101 114 105 97 108
101 110 116 114 101 112 114 101 110 101 117 114
97 110 100
105 110 118 101 115 116 111 114 44
104 101
105 115 67 66 79
111 102
82 97 105 115 105 110 44
97
69 117 114 111 112 101 97 110
70 105 110 84 101 99 104
85 110 105 99 111 114 110 46 69 114 105 99
83 116 101 105 110 98 101 114 103 101 114 67 111 45 102 111 117 110 100 101 114
97 110 100
67 69 79
111 102
67 108 105 109 97 116 101 83 99 105 101 110 99 101
97 110 100
77 97 103 105 99 46 100 101 118 40 226 130 172 52 51 48 77
114 97 105 115 101 100 41 46 75 101 118 105 110
72 97 114 116 122 71 101 110 101 114 97 108
80 97 114 116 110 101 114
97 116
65 42 44
194
67 111 45 70 111 117 110 100 101 114
97 110 100
67 104 97 105 114 109 97 110
111 102 69 118 101 110 116 98 114 105 116 101
40 78 89 83 69 58
69 66 41 46 77 97 114 107 117 115
70 117 104 114 109 97 110 110 67 104 105 101 102
69 120 101 99 117 116 105 118 101
79 102 102 105 99 101 114
97 110 100
67 111 45 70 111 117 110 100 101 114
97 116 71 82 79 80 89 85 83 79 117 114
105 110 118 101 115 116 111 114
110 101 116 119 111 114 107 70 101 108 108 111 119 115
114 97 105 115 101 100 44
111 110
97 118 101 114 97 103 101 44
97
53 48 45 51 48 48 37
104 105 103 104 101 114
118 97 108 117 97 116 105 111 110
97 102 116 101 114
98 101 105 110 103
97 99 99 101 112 116 101 100
116 111
69 87 79 82 46 87 97 108 108
111 102
76 111 118 101 67 108 105 99 107
102 111 114
102 117 108 108
112 111 115 116 86 97 108 101 114 105 121
66 121 107 97 110 111 118 66 117 105 108 100 105 110 103
99 108 111 111 112 105 111 46 99 111 109
124
71 114 111 119 105 110 103
79 117 116 70 111 117 110 100 101 114 115 46 67 108 117 98
124
65 110 103 101 108
105 110 118 101 115 116 105 110 103 240 157 145 187 240 157 146 137 240 157 146 134
240 157 145 183 240 157 146 134 240 157 146 144 240 157 146 145 240 157 146 141 240 157 146 134 45
116 104 101
107 101 121
101 108 101 109 101 110 116
109 97 107 105 110 103 69 87 79 82 67 111 110 110 101 99 116
115 117 99 104
97 110
101 120 116 114 97 111 114 100 105 110 97 114 121
101 120 112 101 114 105 101 110 99 101 46 65
103 114 111 117 112
111 102
116 114 117 108 121
114 101 109 97 114 107 97 98 108 101
105 110 100 105 118 105 100 117 97 108 115 44
99 97 114 101 102 117 108 108 121
115 101 108 101 99 116 101 100
98 121
116 104 101
69 87 79 82
116 101 97 109 44
99 111 109 105 110 103
116 111 103 101 116 104 101 114
102 111 114
97
102 101 119
100 97 121 115
116 111
99 111 110 110 101 99 116
105 110
116 104 101
109 97 103 110 105 102 105 99 101 110 116
99 104 195 162 116 101 97 117
105 110
116 104 101
70 114 101 110 99 104
99 111 117 110 116 114 121 115 105 100 101 46 80 104 68 115
102 114 111 109
67 97 109 98 114 105 100 103 101
97 110 100
79 120 102 111 114 100 44
118 105 115 105 111 110 97 114 121
115 99 105 101 110 116 105 115 116 115
105 110 110 111 118 97 116 105 110 103
105 110
115 101 109 105 99 111 110 100 117 99 116 111 114
97 110 100
98 105 111 116 101 99 104 44
101 120 99 101 112 116 105 111 110 97 108
101 110 116 114 101 112 114 101 110 101 117 114 115
97 110 100
105 110 118 101 115 116 111 114 115 44
98 105 111 104 97 99 107 101 114 115 44
98 105 108 108 105 111 110 97 105 114 101 115 44
121 111 117
110 97 109 101
105 116 46 69 118 101 114 121
110 101 119
99 111 110 110 101 99 116 105 111 110
97 110 100
101 118 101 114 121
99 111 110 118 101 114 115 97 116 105 111 110
119 97 115
115 111
105 110 115 105 103 104 116 102 117 108
97 110 100
105 110 115 112 105 114 105 110 103 44
105 116
102 101 108 116
108 105 107 101
116 104 114 101 101
100 97 121 115
119 101 110 116
98 121
106 117 115 116
116 111 111
113 117 105 99 107 108 121
116 111
97 98 115 111 114 98
101 118 101 114 121
98 105 116
111 102
119 105 115 100 111 109 46 226 156 147 70 111 108 108 111 119 105 110 103 46 46 46 83 116 101 102 97 110
66 97 108 103 77 68
97 110 100
67 111 45 70 111 117 110 100 101 114
111 102
73 78 83 82 68
124
65 110 103 101 108
73 110 118 101 115 116 111 114
64 98 108 97 99 107 100 111 114 240 159 147 162
73 39 109
116 114 117 108 121
101 120 99 105 116 101 100
116 111
115 104 97 114 101
119 105 116 104
121 111 117
116 104 97 116
73 78 83 82 68
104 97 115
106 111 105 110 101 100
69 87 79 82 39 115
112 111 115 116 45 105 100 101 97
80 114 111 103 114 97 109
97 110 100
97 108 115 111
115 101 99 117 114 101 100
69 87 79 82
97 115
97 110
105 110 118 101 115 116 111 114
105 110
111 117 114
112 114 101 45 115 101 101 100
114 111 117 110 100 46
240 159 147 162 87 101
102 101 101 108
97 98 115 111 108 117 116 101 108 121
98 108 101 115 115 101 100
98 121
98 101 105 110 103
111 102 102 101 114 101 100
116 104 101
111 112 112 111 114 116 117 110 105 116 121
116 111
106 111 105 110 44
101 115 112 101 99 105 97 108 108 121
97 115
116 104 101 114 101
97 114 101
97 112 112 114 111 120 105 109 97 116 101 108 121
49 48 44 48 48 48
97 112 112 108 105 99 97 116 105 111 110 115
101 118 101 114 121
121 101 97 114
97 110 100
111 110 108 121
53 48
115 112 111 116 115
97 118 97 105 108 97 98 108 101 46 76 97 115 116 108 121 44
73
119 97 110 116
116 111
116 104 97 110 107
116 104 101
101 110 116 105 114 101
69 87 79 82
84 101 97 109
102 111 114
116 104 101
97 119 101 115 111 109 101
115 117 112 112 111 114 116
119 101 39 118 101
97 108 114 101 97 100 121
114 101 99 101 105 118 101 100
105 110
116 104 101
108 97 115 116
102 101 119
119 101 101 107 115 46
70 114 111 109
98 101 108 105 101 118 105 110 103
105 110
111 117 114
118 105 115 105 111 110 44
115 116 114 97 116 101 103 105 122 105 110 103
119 105 116 104
117 115 44
116 111
99 111 110 110 101 99 116 105 110 103
117 115
119 105 116 104 105 110
121 111 117 114
116 111 112 45 110 111 116 99 104
105 110 118 101 115 116 111 114
110 101 116 119 111 114 107 44
97 115
119 101 108 108
97 115
112 114 111 118 105 100 105 110 103
97
115 112 97 99 101
119 104 101 110
111 117 114
116 101 97 109
110 101 101 100 115
116 111
34 119 97 114
114 111 111 109 44 34
105 116 39 115
98 101 101 110
97 110
97 98 115 111 108 117 116 101
112 108 101 97 115 117 114 101 46 226 156 147 70 111 108 108 111 119 105 110 103 46 46 46 79 108 97 102
83 99 104 109 105 116 122 77 97 110 97 103 101 109 101 110 116 44
83 116 114 97 116 101 103 121 44
83 97 97 83 44
67 108 111 117 100 45 67 111 109 112 117 116 105 110 103 44
69 45 67 111 109 109 101 114 99 101 44
79 110 108 105 110 101 45 80 117 98 108 105 115 104 105 110 103 44
72 86 65 67
47
67 108 105 109 97 116 101 45 83 111 108 117 116 105 111 110 115 44
67 121 99 108 105 110 103
38
77 117 115 105 99 112 114 111 100 117 99 116 105 111 110 240 159 154 128
73
104 97 100
116 104 101
104 111 110 111 114
111 102
112 97 114 116 105 99 105 112 97 116 105 110 103
105 110
97 110 69 87 79 82 101 118 101 110 116
105 110
78 97 110 116 101 115
116 104 105 115
119 101 101 107 44
119 104 101 114 101
116 104 101
97 105 114
98 117 122 122 101 100
119 105 116 104
105 110 110 111 118 97 116 105 111 110
97 110 100
116 104 101
115 112 105 114 105 116
111 102
101 110 116 114 101 112 114 101 110 101 117 114 115 104 105 112 46
65 115
115 111 109 101 111 110 101
119 104 111
104 97 115
110 117 114 116 117 114 101 100
110 117 109 101 114 111 117 115
102 111 117 110 100 101 114 115
111 110
116 104 101 105 114
106 111 117 114 110 101 121 115
116 111
114 101 115 104 97 112 101
105 110 100 117 115 116 114 105 101 115
97 110 100
114 101 100 101 102 105 110 101
115 111 99 105 101 116 97 108
110 111 114 109 115 44
73
102 101 108 116
97 110
105 109 109 101 110 115 101
115 101 110 115 101
111 102
112 114 105 100 101
97 110 100
98 101 108 111 110 103 105 110 103
97 109 111 110 103
116 104 101 115 101
116 114 97 105 108 98 108 97 122 101 114 115 46 240 159 140 159
84 104 101
99 111 117 114 97 103 101
97 110 100
99 114 101 97 116 105 118 105 116 121
100 105 115 112 108 97 121 101 100
98 121
101 97 99 104
110 101 119
101 110 116 114 101 112 114 101 110 101 117 114
114 101 97 102 102 105 114 109 115
109 121
98 101 108 105 101 102
116 104 97 116
111 117 114
99 111 108 108 101 99 116 105 118 101
101 102 102 111 114 116 115
99 97 110
105 110 100 101 101 100
102 111 114 103 101
97
98 101 116 116 101 114
116 111 109 111 114 114 111 119 46
84 104 105 115
105 115
110 111 116
106 117 115 116
97
99 111 109 109 117 110 105 116 121 226 128 148 105 116 226 128 153 115
97
109 111 118 101 109 101 110 116
116 111 119 97 114 100 115
115 117 115 116 97 105 110 97 98 108 101
97 110 100
116 114 97 110 115 102 111 114 109 97 116 105 118 101
99 104 97 110 103 101 46
84 111
109 101
105 116
105 115
111 110
117 115
101 110 116 114 101 112 114 101 110 101 117 114 115
116 111
100 114 105 118 101
116 104 105 115
97 110 100
99 114 101 97 116 101
97
109 111 116 105 111 110
116 104 97 116
117 110 105 116 101 115
97 108 108
112 101 111 112 108 101 46
83 111 109 101 116 105 109 101 115
116 104 101
112 97 116 104
105 115
97
98 105 116
108 111 110 103 101 114
40 115 101 101
112 105 99
111 102
116 104 101
118 101 110 117 101 41 44
98 117 116
116 104 101
119 105 108 108
97 110 100
98 101 108 105 101 118 101
111 102
101 110 116 114 101 112 114 101 110 101 117 114 115
119 105 108 108
109 97 107 101
105 116
104 97 112 112 101 110 46
67 104 97 108 108 101 110 103 101 115
119 105 108 108
98 101
109 97 115 116 101 114 101 100 46 240 159 146 161
73
117 114 103 101
97 108 108
105 110 100 117 115 116 114 121
108 101 97 100 101 114 115
97 110 100
118 105 115 105 111 110 97 114 105 101 115
116 111
106 111 105 110
117 115
105 110
116 104 105 115
101 110 100 101 97 118 111 114 46
89 111 117 114
101 120 112 101 114 116 105 115 101 44
109 101 110 116 111 114 115 104 105 112 44
97 110 100
114 101 115 111 117 114 99 101 115
99 97 110
108 105 103 104 116
116 104 101
112 97 116 104
102 111 114
116 104 101
110 101 120 116
119 97 118 101
111 102
112 105 111 110 101 101 114 115
119 104 111
115 116 97 110 100
114 101 97 100 121
116 111
108 101 97 118 101
97 110
105 110 100 101 108 105 98 108 101
109 97 114 107
111 110
111 117 114
119 111 114 108 100 46 240 159 153 140
84 104 97 110 107
121 111 117 44
69 87 79 82 44
102 111 114
116 104 105 115
105 110 99 114 101 100 105 98 108 101
103 97 116 104 101 114 105 110 103 46
76 101 116 39 115
99 111 110 116 105 110 117 101
116 111
105 110 118 101 115 116
105 110
116 104 101 115 101
98 114 105 108 108 105 97 110 116
109 105 110 100 115
97 110 100
110 117 114 116 117 114 101
116 104 101
115 101 101 100 115
111 102
116 111 100 97 121
105 110 116 111
116 104 101
116 111 119 101 114 105 110 103
97 99 104 105 101 118 101 109 101 110 116 115
111 102
116 111 109 111 114 114 111 119 46 35 69 87 79 82 35 73 110 110 111 118 97 116 105 111 110 35 83 116 97 114 116 117 112 67 117 108 116 117 114 101 35 69 110 116 114 101 112 114 101 110 101 117 114 115 104 105 112 35 70 117 116 117 114 101 76 101 97 100 101 114 115 35 73 110 118 101 115 116 73 110 67 104 97 110 103 101 35 84 104 97 110 107 89 111 117 226 156 147 70 111 108 108 111 119 105 110 103 46 46 46 84 104 105 115 84 104 97 116 56 44 53 48 56
102 111 108 108 111 119 101 114 115 240 159 147 163
66 105 103
78 101 119 115 33 84 104 105 115 84 104 97 116
104 97 115
114 97 105 115 101 100
102 114 111 109
110 111 116
106 117 115 116
111 110 101 44
98 117 116
70 79 85 82
117 110 105 99 111 114 110
102 111 117 110 100 101 114 115
240 159 166 132 240 159 166 132 240 159 166 132 240 159 166 132 87 104 121 63
65 100 118 101 114 116 105 115 105 110 103
104 97 115
101 118 111 108 118 101 100 46
77 97 114 107 101 116
114 101 115 101 97 114 99 104
104 97 115 110 226 128 153 116 46
65 110 100
97 116
84 104 105 115 84 104 97 116
119 101 39 118 101
115 101 116
111 117 116
116 111
97 110 100
97 114 101
99 111 109 109 105 116 116 101 100
116 111
101 118 111 108 118 105 110 103
109 97 114 107 101 116
114 101 115 101 97 114 99 104 46
226 156 168 84 111
115 117 112 101 114 99 104 97 114 103 101
111 117 114
103 114 111 119 116 104
97 110 100
105 109 112 97 99 116 44
119 101 39 118 101
116 101 97 109 101 100
117 112
119 105 116 104
70 79 85 82
117 110 105 99 111 114 110
102 111 117 110 100 101 114 115
97 110 100
97
115 116 101 108 108 97 114
108 105 110 101 117 112
111 102
98 101 108 105 101 118 101 114 115 44
105 110 99 108 117 100 105 110 103
68 97 110 105 101 108
68 105 112 112 111 108 100 44
49 48 120
70 111 117 110 100 101 114 115 44
70 74
76 97 98 115
97 110 100
83 117 112 101 114
65 110 103 101 108 115 46
226 173 144 239 184 143 84 104 105 115 84 104 97 116
105 115
106 117 115 116
103 101 116 116 105 110 103
115 116 97 114 116 101 100
116 111
109 97 107 101
97
99 111 108 111 115 115 97 108
105 109 112 97 99 116 44
97 110 100
109 97 114 107
111 117 114
119 111 114 100 115
226 128 147
105 116 39 115
111 110 108 121
116 104 101
98 101 103 105 110 110 105 110 103
111 102
115 111 109 101 116 104 105 110 103
109 111 110 117 109 101 110 116 97 108 33 35 84 104 105 115 84 104 97 116 35 77 97 114 107 101 116 105 110 103 35 65 100 118 101 114 116 105 115 105 110 103 35 77 97 114 107 101 116 82 101 115 101 97 114 99 104 35 73 110 118 101 115 116 109 101 110 116 35 68 105 115 114 117 112 116 105 111 110 35 73 110 110 111 118 97 116 105 111 110 226 156 147 70 111 108 108 111 119 105 110 103 46 46 46 76 117 107 97 115
75 111 101 115 116 108 101 114 51 68
67 86
38
65 73 87 101
104 97 118 101
98 101 101 110
112 97 114 116
111 102 69 87 79 82 115 105 110 99 101
108 97 115 116
121 101 97 114 44
97 110 100
105 116
104 97 115
98 101 101 110
112 104 101 110 111 109 101 110 97 108 46
84 104 101 121
115 117 112 112 111 114 116 101 100 83 69 51
76 97 98 115 102 114 111 109
116 104 101
98 101 103 105 110 110 105 110 103
97 110 100
104 97 118 101
104 101 108 112 101 100
119 105 116 104
97 100 118 105 99 101 44
105 110 116 114 111 115 44
97 110 100
97 110
101 120 116 114 97 111 114 100 105 110 97 114 121
99 111 109 109 117 110 105 116 121 46
84 104 101
97 112 112 108 105 99 97 116 105 111 110
102 111 114
116 104 101
110 101 119
98 97 116 99 104
105 115
111 112 101 110
117 110 116 105 108
74 117 110 101
51 46
73
97 109
109 111 114 101
116 104 97 110
104 97 112 112 121
116 111
97 110 115 119 101 114
97 110 121
113 117 101 115 116 105 111 110 115
97 110 100
111 102 102 101 114
110 111 109 105 110 97 116 105 111 110 115
105 102
121 111 117
114 101 97 99 104
111 117 116 33 84 104 101
112 114 111 103 114 97 109 115
97 114 101
118 101 114 121
102 108 101 120 105 98 108 101 44
104 97 118 101
115 109 97 108 108
99 111 104 111 114 116 115
111 102
97 114 111 117 110 100
49 48
115 116 97 114 116 117 112 115 44
97 110 100 68 97 110 105 101 108
87 46
68 105 112 112 111 108 100 105 115
97 110
101 120 99 101 112 116 105 111 110 97 108
109 101 110 116 111 114
119 104 111
117 115 101 115
104 105 115
112 101 114 115 111 110 97 108
116 105 109 101
97 110 100
110 101 116 119 111 114 107
116 111
104 101 108 112
119 104 101 110 101 118 101 114
110 101 101 100 101 100 46
84 104 101
98 101 115 116
112 97 114 116
105 115
116 104 101
99 111 109 109 117 110 105 116 121
111 102
102 111 117 110 100 101 114 115
97 110 100
109 101 110 116 111 114 115 44
119 104 105 99 104
105 115
98 114 111 117 103 104 116
116 111 103 101 116 104 101 114
116 119 105 99 101
97
121 101 97 114
100 117 114 105 110 103
116 104 101
69 87 79 82
67 111 110 110 101 99 116
97 110 100
116 104 114 111 117 103 104 111 117 116
116 104 101
121 101 97 114
118 105 114 116 117 97 108 108 121
97 110 100
116 104 114 111 117 103 104
115 105 100 101
101 118 101 110 116 115 46
84 104 101
112 104 111 116 111 115
97 114 101
102 114 111 109
108 97 115 116
119 101 101 107 39 115
69 87 79 82
67 111 110 110 101 99 116 46
84 104 101
102 111 117 110 100 105 110 103
116 101 97 109
111 102
69 87 79 82
105 115
109 97 100 101
111 102
116 111 112 45 110 111 116 99 104
101 110 116 114 101 112 114 101 110 101 117 114 115
119 104 111
117 110 100 101 114 115 116 97 110 100
111 117 114
106 111 117 114 110 101 121
112 114 101 99 105 115 101 108 121
97 110 100
112 117 115 104
117 115
105 110
116 104 101
114 105 103 104 116
100 105 114 101 99 116 105 111 110 46
80 101 114 115 111 110 97 108 108 121 44
73
97 109
115 117 112 101 114
103 114 97 116 101 102 117 108
102 111 114
116 104 101
115 117 112 112 111 114 116
119 101
103 111 116
97 110 100
116 104 101
110 101 119
102 114 105 101 110 100 115
73
109 97 100 101 33 226 156 147 70 111 108 108 111 119 105 110 103 46 46 46 65 108 101 120
72 97 114 115 116 111 110 67 111 45 70 111 117 110 100 101 114
97 116
70 108 111 119 46 98 105 111 67 97 110 39 116
114 101 99 111 109 109 101 110 100 69 87 79 82 101 110 111 117 103 104
105 102
121 111 117
104 97 118 101
97 110
101 97 114 108 121 45 115 116 97 103 101
115 116 97 114 116 117 112
111 114
101 118 101 110
106 117 115 116
97 110
105 100 101 97
102 111 114
111 110 101
45
105 116 39 115
97
102 97 110 116 97 115 116 105 99
112 114 111 103 114 97 109 109 101
116 104 97 116 39 115
100 101 102 105 110 105 116 101 108 121
119 111 114 116 104
97 112 112 108 121 105 110 103
116 111 58 104 116 116 112 115 58 47 47 101 119 111 114 46 99 111 109 47 97 112 112 108 121 47 226 156 147 70 111 108 108 111 119 105 110 103 46 46 46 83 101 98
72 97 117 103 101 116 111 66 117 105 108 100 105 110 103
68 101 97 108 102 108 111 119 44
70 111 114 98 101 115
51 48 85 51 48 87 104 101 110
103 114 111 119 116 104
105 115
103 111 111 100 44
97 108 108
105 115
103 111 111 100
226 154 161 239 184 143 76 97 115 116
119 101 101 107
119 101
106 111 105 110 101 100
116 104 101
104 111 116 116 101 115 116
102 117 110 100 47 97 99 99 101 108 101 114 97 116 111 114
105 110
69 117 114 111 112 101
114 105 103 104 116
110 111 119
64 69 87 79 82 46 84 104 105 115
119 101 101 107
119 101
98 108 101 119
112 97 115 116
111 117 114
101 120 112 101 99 116 97 116 105 111 110 115
102 111 114
74 117 110 101
97 110 100
115 101 116
97 110
97 108 108
116 105 109 101
104 105 103 104
114 101 99 111 114 100 46 67 97 110 226 128 153 116
119 97 105 116
102 111 114
110 101 120 116
119 101 101 107 46
71 111
116 101 97 109 33 226 128 141 83 105 100 100 104 97 114 116 104
77 117 100 103 97 108 44 68 114 46
65 108 101 120 97 110 100 114 97
65 110 100 104 111 118 44 74 97 99 111 98
80 111 117 108 115 101 110 44 77 117 104 97 109 109 97 100
81 97 115 105 109
81 97 100 114 105 44
73 108 105 114
72 117 115 104 105 46 35 102 105 110 116 101 99 104 35 112 114 105 118 97 116 101 99 114 101 100 105 116 35 102 108 111 119 103 114 111 119 116 104 226 156 147 70 111 108 108 111 119 105 110 103 46 46 46 75 97 99 112 101 114
83 122 107 108 97 114 99 122 121 107 65 73 45 68 114 105 118 101 110
71 114 97 110 116
70 117 110 100 114 97 105 115 105 110 103
124
70 111 114 98 101 115
50 53 117 50 53 89 101 115 116 101 114 100 97 121
119 97 115
97
66 73 71
100 97 121
102 111 114
117 115
97 116 79 112 101 110 71 114 97 110 116
73 110 99 46 226 128 141 87 101
104 97 100
111 118 101 114
49 50 48
116 111 112 45 110 111 116 99 104
105 110 118 101 115 116 111 114 115
105 110 99 108 117 100 105 110 103 83 101 113 117 111 105 97
67 97 112 105 116 97 108 44 66 97 108 100 101 114 116 111 110
67 97 112 105 116 97 108 44 49 48 120
70 111 117 110 100 101 114 115 44 69 97 114 108 121 98 105 114 100
86 101 110 116 117 114 101
67 97 112 105 116 97 108 44 67 104 101 114 114 121
86 101 110 116 117 114 101 115 44 86 105 115 105 111 110 97 114 105 101 115
67 108 117 98 44 76 97
70 97 109 105 103 108 105 97 44 72 86
67 97 112 105 116 97 108 44 82 101 100 115 116 111 110 101 44 67 97 112 110 97 109 105 99 44 87 111 114 108 100
70 117 110 100 44 52 80
67 65 80 73 84 65 76 44 80 108 97 110 101 116
65
86 101 110 116 117 114 101 115 44 72 84 71 70
124
72 105 103 104 45 84 101 99 104
71 114 195 188 110 100 101 114 102 111 110 100 115 44 84 105 98 117 114 111 110 44 83 112 101 101 100 105 110 118 101 115 116 97 110 100
109 97 110 121
119 101 108 108 45 107 110 111 119 110
97 110 103 101 108
105 110 118 101 115 116 111 114 115
106 111 105 110
117 115
102 111 114
116 104 101
68 101 109 111
68 97 121 46
65
109 97 115 115 105 118 101
116 104 97 110 107
121 111 117
116 111
97 108 108
119 104 111
119 101 114 101
116 104 101 114 101 44
119 101
97 112 112 114 101 99 105 97 116 101 100
121 111 117 114
116 105 109 101
97 110 100
105 110 118 97 108 117 97 98 108 101
105 110 115 105 103 104 116 115 33 87 101
119 101 114 101
97 108 115 111
105 110
103 114 101 97 116
99 111 109 112 97 110 121
119 105 116 104
49 50
111 116 104 101 114 69 87 79 82 115 116 97 114 116 117 112 115
116 104 97 116
97 114 101
100 111 105 110 103
115 111 109 101
115 101 114 105 111 117 115 108 121
99 111 111 108
116 104 105 110 103 115
105 110
115 101 99 116 111 114 115
108 105 107 101
65 73 44
114 111 98 111 116 105 99 115 44
102 105 110 116 101 99 104 44
97 110 100
103 114 101 101 110
116 101 99 104 46
84 104 97 110 107 115 74 111 114 103 101 110 44 79 110 117 114 44 77 97 116 105 115 115 44 68 97 118 105 100 44 77 97 114 116 105 110 44 69 100 103 97 114 44 70 114 97 110 122 105 115 107 97 44 74 111 104 97 110 110 101 115 44 74 111 110 97 115 44 65 108 101 120 97 110 100 114 97 44 83 116 101 102 97 110 44 83 101 98 33
73 116
119 97 115
110 111 116 104 105 110 103
115 104 111 114 116
111 102
105 110 115 112 105 114 105 110 103 33 226 156 147 70 111 108 108 111 119 105 110 103 46 46 46 76 117 107 101
70 101 114 114 105 115 67 69 79
79 114 105 103 105 110 65 73
124
71 101 110
65 73 44
101 120
66 97 105 110 44
73 78 83 69 65 68
77 66 65 72 105
97 108 108 33
84 104 97 110 107 115
102 111 114
102 111 108 108 111 119 105 110 103
97 108 111 110 103
111 110
116 104 101 79 114 105 103 105 110 65 73 106 111 117 114 110 101 121 46
73 39 118 101
103 111 116
116 119 111
101 120 99 105 116 105 110 103
98 105 116 115
111 102
110 101 119 115
116 111 100 97 121 46 70 105 114 115 116
119 101 39 118 101
114 97 105 115 101 100
97
112 114 101 45 115 101 101 100
114 111 117 110 100
102 114 111 109
116 104 101
102 105 110 101
112 101 111 112 108 101
97 116 69 87 79 82 46
84 104 97 110 107 115
116 111 68 97 110 105 101 108
87 46
68 105 112 112 111 108 100 97 110 100 70 108 111 114 105 97 110
72 117 98 101 114 112 97 114 116 105 99 117 108 97 114 108 121
102 111 114
121 111 117 114
115 117 112 112 111 114 116 33
73 39 109
114 101 97 108 108 121
108 111 111 107 105 110 103
102 111 114 119 97 114 100
116 111
119 111 114 107 105 110 103
119 105 116 104
121 111 117 46 83 101 99 111 110 100 44
86 48 46 57
111 102
111 117 114
112 114 101 45 97 108 112 104 97 35 103 101 110 101 114 97 116 105 118 101 97 105 100 105 103 105 116 97 108
112 114 111 100 117 99 116
98 117 105 108 100 101 114
105 115
97 108 105 118 101
97 110 100
107 105 99 107 105 110 103 46 226 156 147 70 111 108 108 111 119 105 110 103 46 46 46 74 111 104 97 110 110 101 115
75 105 110 103 68 105 103 105 116 97 108
87 97 114 101 104 111 117 115 105 110 103
102 111 114
116 104 101
67 111 110 115 116 114 117 99 116 105 111 110
73 110 100 117 115 116 114 121
83 116 111 99 97 100 114 111
69 84 72
90 195 188 114 105 99 104 73
106 117 115 116
103 114 97 100 117 97 116 101 100
102 114 111 109
116 104 101 69 87 79 82 70 101 108 108 111 119 115 104 105 112 33
240 159 154 128 83 111
108 101 116
109 101
116 97 107 101
116 104 105 115
97 115
97 110
111 112 112 111 114 116 117 110 105 116 121
116 111
115 117 109 109 97 114 105 122 101
119 104 97 116
104 97 112 112 101 110 101 100
115 111
102 97 114
111 110
109 121
69 87 79 82
106 111 117 114 110 101 121 79 107 116 111 98 101 114
50 49 58
84 104 101
69 87 79 82
70 101 108 108 111 119 115 104 105 112
115 116 97 114 116 101 100 46
73
109 101 116
97
98 117 110 99 104
111 102
97 109 97 122 105 110 103
112 101 111 112 108 101
119 104 111
45
106 117 115 116
108 105 107 101
109 101
45
119 97 110 116 101 100
116 111
98 101 99 111 109 101
101 110 116 114 101 112 114 101 110 101 117 114 115 58 71 117 101 110 116 101 114
82 111 116 116 101 110 102 117 115 115 101 114 44 76 97 107 115 104 109 105
77 97 110 106 111 111 115 104 97
65 100 97 112 97 44
80 104 68
77 66 65 44 74 97 110
86 105 110 99 101 110 116
72 111 102 102 98 97 117 101 114 44 75 101 118 105 110
71 101 111 114 103 101 44 69 108 122 97
76 101 103 114 97 110 44 77 97 114 116 195 173 110
86 105 108 108 101 103 97 115
65 108 122 97 116 101 44 83 117 106 105 116
75 111 111 116 97 108 97 77 97 114 99 104
50 50
45
77 97 121
50 50 58
73
99 114 101 97 116 101 100
97
110 111 45 99 111 100 101
112 114 111 116 111 116 121 112 101
117 115 105 110 103
116 104 101
99 111 117 114 115 101
111 110
69 87 79 82 226 128 153 115
112 108 97 116 102 111 114 109
119 104 105 99 104
45
98 101 108 105 101 118 101
105 116
111 114
110 111 116
45
119 111 114 107 101 100 46
84 104 97 116 226 128 153 115
109 97 121 98 101
109 121
109 111 115 116
105 109 112 111 114 116 97 110 116
108 101 97 114 110 105 110 103
102 114 111 109
109 121
69 87 79 82
106 111 117 114 110 101 121 58
83 104 111 119
115 116 117 102 102
116 111
99 117 115 116 111 109 101 114 115
101 97 114 108 121 46
73
109 101 97 110
108 105 107 101
114 101 97 108 108 121
101 97 114 108 121 46
87 104 101 110
105 116 226 128 153 115
115 116 105 108 108
101 109 98 97 114 114 97 115 115 105 110 103 33 78 111 119 58
73
104 97 118 101
56
112 105 108 111 116
99 117 115 116 111 109 101 114 115 44
119 111 110
97
103 111 118 101 114 110 109 101 110 116 45 115 112 111 110 115 111 114 101 100
103 114 97 110 116 44
97 110 100
119 105 108 108
98 101
102 117 110 100 114 97 105 115 105 110 103
115 111 111 110 33 226 156 147 70 111 108 108 111 119 105 110 103 46 46 46 67 104 97 114 108 105 101
83 105 109 105 111 110 101 115 99 117 45 77 97 114 105 110 66 114 105 100 103 105 110 103
116 104 101
68 97 116 97
71 97 112
105 110
81 117 97 110 116
70 105 110 97 110 99 101
124
81 117 97 110 116 101 100
67 111 45 70 111 117 110 100 101 114
38
69 87 79 82
70 101 108 108 111 119 73 39 118 101
111 110 108 121
98 101 101 110
97
112 97 114 116
111 102
116 104 101 69 87 79 82 99 111 109 109 117 110 105 116 121
115 105 110 99 101
116 104 101
115 116 97 114 116
111 102
65 112 114 105 108 44
105 110
116 104 97 116
115 104 111 114 116
116 105 109 101
73 39 118 101
97 108 114 101 97 100 121 58 45
72 97 100
101 110 103 97 103 105 110 103
115 101 115 115 105 111 110 115
119 105 116 104
115 101 114 105 97 108
101 110 116 114 101 112 114 101 110 101 117 114 115
119 105 116 104
109 97 115 115 105 118 101
101 120 105 116 115 44
108 101 97 114 110 105 110 103
97 98 111 117 116
104 111 119
116 111
98 117 105 108 100
97
99 111 109 112 97 110 121
116 104 97 116
109 97 116 116 101 114 115 45
74 111 105 110 101 100
116 104 101
116 101 97 109
97 116
116 104 101
69 87 79 82
104 111 117 115 101
105 110
71 114 97 110 97 100 97 44
105 110 99 108 117 100 105 110 103
99 111 45 119 111 114 107 105 110 103 44
50
98 101 97 99 104 47 99 105 116 121
116 114 105 112 115 44
97 110 100
104 105 107 105 110 103
111 110 101
111 102
116 104 101
116 97 108 108 101 115 116
109 111 117 110 116 97 105 110 115
105 110
69 117 114 111 112 101 45
72 97 100
116 104 101
111 112 112 111 114 116 117 110 105 116 121
116 111
109 101 101 116
115 111 109 101
111 102
116 104 101
109 111 115 116
103 101 110 117 105 110 101 108 121
105 110 116 101 114 101 115 116 105 110 103
112 101 111 112 108 101
73 39 118 101
101 118 101 114
115 112 111 107 101 110
119 105 116 104 44
97 110 100
105 110
97
99 111 109 112 108 101 116 101 108 121
110 97 116 117 114 97 108
101 110 118 105 114 111 110 109 101 110 116
40 115 97 102 101
116 111
115 97 121
116 104 101 121
109 111 118 101 100
102 114 111 109
115 116 114 97 110 103 101 114 115
116 111
103 114 101 97 116
102 114 105 101 110 100 115
98 121
116 104 101
101 110 100 41 46
68 105 115 99 117 115 115 105 110 103
101 118 101 114 121 116 104 105 110 103
102 114 111 109
101 110 116 114 101 112 114 101 110 101 117 114 115 104 105 112
116 111
109 97 114 107 101 116
100 121 110 97 109 105 99 115 44
65 73
97 110 100
109 111 114 101 84 104 101 115 101
97 114 101
106 117 115 116
97
102 101 119
111 102
116 104 101
114 101 97 115 111 110 115
116 111
97 112 112 108 121
102 111 114
116 104 101
112 114 111 103 114 97 109 44
121 111 117
115 101 114 105 111 117 115 108 121
119 111 110 39 116
114 101 103 114 101 116
105 116 46
76 105 110 107
102 111 114
97 112 112 108 105 99 97 116 105 111 110
116 111
116 104 101
110 101 120 116
99 111 104 111 114 116
105 115
98 101 108 111 119 46 226 156 147 70 111 108 108 111 119 105 110 103 46 46 46 66 101 116 104
75 117 109 101 45 72 111 108 108 97 110 100 65 119 97 114 100 45 119 105 110 110 105 110 103
70 111 117 110 100 101 114
97 110 100
67 69 79
111 102
80 97 116 99 104 119 111 114 107
72 117 98
124
80 111 119 101 114
49 48 48
77 111 115 116
73 110 102 108 117 101 110 116 105 97 108
68 105 115 97 98 108 101 100
80 101 111 112 108 101
105 110
116 104 101
85 75
124
68 105 115 97 98 105 108 105 116 121
97 100 118 111 99 97 116 101
38
115 112 101 97 107 101 114
124
72 97 114 118 97 114 100
85 110 105 118 101 114 115 105 116 121
75 101 110 110 101 100 121
83 99 104 111 108 97 114
124
79 120 102 111 114 100
85 110 105 118 101 114 115 105 116 121
82 101 115 101 97 114 99 104
70 101 108 108 111 119 69 117 114 111 112 101 226 128 153 115
97 110 115 119 101 114
116 111
89 45 67 111 109 98 105 110 97 116 111 114
61 69 87 79 82 226 128 141 65
98 114 105 108 108 105 97 110 116
97 114 116 105 99 108 101
98 121
69 85 45 83 116 97 114 116 117 112 115
111 110
97
108 101 97 100 105 110 103
111 114 103 97 110 105 115 97 116 105 111 110
105 110
69 117 114 111 112 101 226 128 153 115
101 110 116 114 101 112 114 101 110 101 117 114 115 104 105 112
101 99 111 45 115 121 115 116 101 109 46 73
97 109
116 114 117 108 121
104 111 110 111 117 114 101 100
116 111
98 101
69 87 79 82 226 128 153 115
102 105 114 115 116 45 101 118 101 114
102 101 108 108 111 119
97 110 100
116 111 111 107
112 97 114 116
105 110
116 104 101 105 114
112 105 108 111 116
105 110
50 48 50 48 44
97 110 100
105 116 226 128 153 115
98 101 101 110
114 101 97 108 108 121
105 110 99 114 101 100 105 98 108 101
116 111
115 101 101
116 104 101
103 114 111 119 116 104
111 102
116 104 101
111 114 103 97 110 105 115 97 116 105 111 110
111 118 101 114
116 104 101
108 97 115 116
51
121 101 97 114 115 46 226 156 147 70 111 108 108 111 119 105 110 103 46 46 46 69 87 79 82
105 115
97 98 111 117 116
80 101 111 112 108 101 44
110 111 116
86 101 110 116 117 114 101 115 46 87 101
108 111 111 107
102 111 114
112 101 111 112 108 101 44
110 111 116
102 111 114
118 101 110 116 117 114 101 115
45
119 101
97 114 101
105 100 101 97 45 97 103 110 111 115 116 105 99 89 111 117
100 111
110 111 116
110 101 101 100
116 111
104 97 118 101
97
99 111 109 112 97 110 121 44
98 117 116
105 102
121 111 117
104 97 118 101
111 110 101 44
119 101
105 110 118 101 115 116
117 112
116 111
121 111 117
109 97 107 105 110 103
226 130 172 50 77
105 110
65 82 82 87 101
97 114 101
108 111 111 107 105 110 103
102 111 114
112 101 111 112 108 101
119 104 111
119 97 110 116
116 111
116 97 99 107 108 101
104 97 114 100
99 104 97 108 108 101 110 103 101 115
111 114
109 97 107 101
97
115 105 103 110 105 102 105 99 97 110 116
105 109 112 97 99 116 46
73 116 39 115
97 108 108
97 98 111 117 116
121 111 117 114
112 97 115 115 105 111 110
97 110 100
100 114 105 118 101 87 101
97 99 99 101 112 116
48 46 49 37
111 102
97 112 112 108 105 99 97 110 116 115 65 112 112 108 121
116 111
69 87 79 82 66 101 99 111 109 101
97
112 97 114 116
111 102
69 87 79 82 66 101 99 111 109 101
97
109 101 110 116 111 114 67 111 45 105 110 118 101 115 116 82 101 99 101 105 118 101
97 110
97 112 112 108 105 99 97 116 105 111 110
100 101 97 100 108 105 110 101
114 101 109 105 110 100 101 114 67 111 108 108 97 98 111 114 97 116 101
119 105 116 104
117 115 72 97 118 101
97
108 111 111 107
97 116
111 117 114
70 65 81 115 87 101
105 110 118 101 115 116
105 110
112 101 111 112 108 101 44
110 111 116
118 101 110 116 117 114 101 115 46
87 104 101 116 104 101 114
121 111 117
109 97 107 101
226 130 172 53 48 48 75
65 82 82
111 114
100 111 110 226 128 153 116
121 101 116
104 97 118 101
97 110
105 100 101 97 44
105 116
100 111 101 115 110 226 128 153 116
109 97 116 116 101 114
116 111
117 115 46
226 128 168 87 101
105 110 118 101 115 116
105 110
97 110 100
115 117 112 112 111 114 116
121 111 117 46 86 105 115 105 116
111 117 114
70 65 81 115 105 110 102 111 64 101 119 111 114 46 99 111 109 79 118 101 114 118 105 101 119 70 111 117 110 100 101 114
82 101 115 111 117 114 99 101 115 84 101 97 109 73 68 69 65 84 73 79 78 70 101 108 108 111 119 115 104 105 112 65 103 114 101 101 109 101 110 116 70 97 99 116 115 104 101 101 116 84 82 65 67 84 73 79 78 70 101 108 108 111 119 115 104 105 112 65 103 114 101 101 109 101 110 116 70 97 99 116 115 104 101 101 116 79 116 104 101 114 82 101 102 101 114
97
70 101 108 108 111 119 70 65 81 66 108 111 103 73 109 112 114 105 110 116 80 114 105 118 97 99 121
80 111 108 105 99 121 84 101 114 109 115
38
67 111 110 100 105 116 105 111 110 115 194 169 50 48 50 53